620019200 45966099 665985299
322775247 483382380 806157627
783802801 340146742 1123949543
266867561 672555972 939423533
795552749 451503759 1247056508
827233968 50074810 877308778
75524500 347451103 422975603
958082141 426650320 1384732461
300724294 29370949 330095243
552441085 951261791 1503702876
82769258 405256594 488025852
858694828 736888742 1595583570
362899439 452876377 815775816
699932865 518389104 1218321969
587334013 21099833 608433846
60798133 207353206 268151339
919582305 383573381 1303155686
543251953 555901466 1099153419
723720123 810119514 1533839637
228457431 371789231 600246662
114139632 908207765 1022347397
421864041 189664133 611528174
255658861 232462542 488121403
616314453 408899521 1025213974
261833491 21271898 283105389
360161306 197119115 557280421
279044858 71372493 350417351
934007858 641944297 1575952155
524248871 486457082 1010705953
12849760 111582877 124432637
360073282 73647893 433721175
171452450 132171946 303624396
309737640 714704403 1024442043
688073412 33457756 721531168
377340276 916530843 1293871119
257763353 491479909 749243262
677254967 532143761 1209398728
681144042 932913828 1614057870
764606303 149974854 914581157
194329709 26439787 220769496
23763118 554491015 578254133
223558903 302807976 526366879
478379874 10083120 488462994
944752273 2628738 947381011
496540202 810118399 1306658601
966727989 856613484 1823341473
883766293 990696805 1874463098
988785431 46020292 1034805723
557917567 676858836 1234776403
79478049 935257843 1014735892
445906039 189757768 635663807
279254111 123160999 402415110
721901529 812914519 1534816048
908591194 339024191 1247615385
962889374 102920896 1065810270
365463979 986652492 1352116471
509928277 441539248 951467525
141976828 988308151 1130284979
451622368 86729094 538351462
843453256 948162570 1791615826
749363860 662697604 1412061464
804776048 485646512 1290422560
505910768 646077838 1151988606
531666804 63828328 595495132
175453033 463661219 639114252
851602537 621359072 1472961609
653418988 130856642 784275630
597036438 227836876 824873314
796287527 358143991 1154431518
566861068 611693260 1178554328
313581253 784841413 1098422666
450862112 676025896 1126888008
226380654 592838940 819219594
516850406 678003022 1194853428
532084400 212820021 744904421
478681951 281448253 760130204
875517625 135974358 1011491983
767094765 233944752 1001039517
782052196 151277929 933330125
297773080 957505230 1255278310
614939148 1891977 616831125
431380661 120874495 552255156
132748619 28417092 161165711
348711372 781552512 1130263884
239077449 768088806 1007166255
393245766 405175068 798420834
552930212 844107878 1397038090
81200957 631827232 713028189
289463177 598051364 887514541
162346613 821547577 983894190
810871385 641028564 1451899949
102995824 538905370 641901194
777002923 722606955 1499609878
772850122 559055112 1331905234
873884884 923139569 1797024453
369076701 341340392 710417093
925031546 800457363 1725488909
462214887 910296531 1372511418
681390821 810926259 1492317080
691849036 920468271 1612317307
