700499475 959539059 -672156605152415907
738015837 891730633 -658111327708573555
421611686 537899041 -226784520497995044
323857083 338890436 -109752067381777316
206548912 898330510 -185549187660244100
857057786 250792837 -214943953122293208
361852927 77297128 -27970191860899400
686655389 174545751 -119852780202110637
94501442 862635944 -81520338903759360
42356647 143712538 -6087180954115010
192549215 48627995 -9363282167017935
551393021 363720067 -200552705814012273
231148999 122602644 -28339478190148068
666800153 954042630 -636155769744437130
950714162 833750420 -792658330199947200
116772940 651213630 -76044128840744940
645805838 707305144 -456781789828020384
395460622 67417517 -26660973071680540
245204178 719317706 -176379705381940256
406307953 451753090 -183550872355818590
470164575 115882098 -54483657124514154
555062294 684533868 -379958937723705456
193179227 241717676 -46694833318481100
859079619 287680669 -247140598942823773
956869987 901436266 -862557306325876010
283909573 1935561 -549524293154331
950064261 835302594 -793591140009387846
365655629 33729619 -12333424983916113
957905239 32455775 -31089556843393675
840288615 761135760 -639573712075100880
718722561 957061556 -687861730648841804
264865749 217044758 -57487721960104226
516883059 660326371 -341311513260196147
284462275 762087237 -216785067661309701
232160436 543286594 -126129651449421796
66356687 702325011 -46603959522548535
659168693 621418981 -409619936268323871
239375238 852347920 -204030984504109120
715653023 98454850 -70459510834601850
140028582 672523003 -94172441127425740
999891117 423938155 -423891994493992825
674458565 802471737 -541233934585133931
111757109 40114187 -4483045488777009
688717723 69662341 -47977688733044861
925086335 529006331 -489376526878574223
683314467 496325255 -339146226086313575
338584246 948180216 -321038881610116704
713370013 855467305 -610264720777990355
608506580 850348654 -517442749552446012
470070902 840667017 -395173101281505300
393635241 388943955 -153102046684030245
395508387 52803927 -20884395889427895
10362929 634883626 -6579252669733302
757668213 578532318 -438335546384743098
585854842 897696795 -525920012203237800
103571681 438262318 -45391564117691922
174151310 778030246 -135494985004461768
93250415 285908419 -26661078151927047
670660799 781968138 -524435374659685986
208087126 448263493 -93277861052564132
163490828 891401593 -145735982737285818
797105114 502075075 -400206608890283400
692098168 362991486 -251225741734214676
210058739 153121107 -32164426344461859
213340133 532646007 -113634768910006917
993788124 459491740 -456637433369112280
921589962 241812871 -222852314112375160
364812034 784469257 -286183823687700224
729212863 122480240 -89314166226366640
363001569 315067698 -114370068085082766
872693402 466573250 -407175395891550000
753330017 46844705 -35289522320320575
97119855 846580432 -82219767108516496
185269490 620297020 -114922111303325760
481064929 245872982 -118280868137102314
68560506 644555757 -44191067556021528
137274568 718181986 -98588120437168076
146630825 681889102 -99985960220990946
81173465 209205931 -16981969899409053
835010209 147029964 -122771520674842548
741851938 681314693 -505434624027295648
606521704 515958260 -312939882016158520
923127564 971333738 -896664945448286756
300427510 504856786 -151672866114869288
93813972 515945445 -48402890498866650
819924484 819023740 -671537615765202680
982518695 425770860 -418327828884685980
718384811 932154916 -669645931289071044
124867651 903654301 -112837188074608349
552451929 605932580 -334748621453081660
2043642 473528801 -967722398875640
103004697 139318210 -14350429728995950
44227146 102151888 -4517886260447872
673723678 125400611 -84485360615566036
311357819 508733880 -158398270310739960
272430575 905726124 -246747486942389052
42564932 878952280 -37412542271540400
421684377 965692496 -407217436617950000
702802377 574628253 -403850100950500875
323065641 649132715 -209712475367279885
