156004549 870907371 135865511633630679
129147230 360709768 46584667371142640
338388159 431690014 146078789096144226
111576531 63592498 7095430324464438
865690670 573612976 496571401514133920
148671241 977764512 145365463404799392
580443580 329720302 191384032491561160
15565760 729329413 11352566603698880
195787150 130588997 25567647543988550
787241699 786559538 619212467059775062
402746394 969624359 390512714121811446
555364770 160463526 89115789210379020
429912652 953978961 410127625075714572
537625811 867157269 466206130010670159
355162260 945301402 335735382315488520
870392303 511166809 444915656102671127
668725132 852055899 569791193530153668
871876577 7113284 6201905705148868
136262273 835969474 113911100685854402
923222155 1952936 1802993782497080
262098809 924409762 242286697648173458
832233814 842542390 701192266686375460
106646423 847799575 90414792094670225
424388162 302433573 128349228172562826
978388572 211629854 207056230647628488
941509478 381134960 358842177237150880
33770572 349390607 11799120649817204
541598486 463683224 251130132101998864
303369562 79224291 24034238460430542
330840487 658531822 217868988695477314
877042059 53749149 47140264308457791
22214990 545767184 12124212534888160
905805049 894091567 809872655656921783
405396834 42067315 17053956315880710
582577400 181135348 105525360085935200
896536624 844676209 757283156789978416
105545103 728770431 76918150203249393
539734958 64707892 34925111370888536
429086365 964123120 413692084973258800
367141466 407474931 149600943525588846
28269333 161167303 4556092157218899
641126257 62039905 39775412077285585
510557910 35241102 17992623383216820
525723130 813927472 427900498172827360
114465393 709079983 81165118922528319
324975653 844023818 274287191402103154
762829132 347190643 264847136838211876
242307361 521150540 126278612031124940
93798569 647704195 60753726626296955
415734221 528892335 219878642884096035
681355909 164787204 112278735172988436
226084904 639417378 144562616521061712
893557636 765819862 684304185490566232
704125271 175160360 123334835953457560
582459342 71266730 41509972662291660
582635291 463245041 269902909267341931
84950399 76277907 6479838634534893
525284947 595508309 312811550531124623
111519010 903524443 100760151394161430
261952141 78500769 20563444509696429
612604419 586927794 359554560238321686
922524588 227949910 210289396807387080
786634804 164831942 129662542388109368
601616817 880433373 529683523444833741
665052504 17351031 11539346613531624
261842068 346408406 90704293399623608
34654602 487926972 16908915019725144
985825785 928212238 915055558172956830
106263193 542467415 57644319616356095
103372591 688722535 71195032923038185
466250511 538524249 251087206282141239
4483936 551200910 2471549603581760
614802156 529768883 325703051450111748
146709212 726321166 106558005922781192
285809685 408661353 116799372572603805
804821936 898414104 723063378510985344
848105514 579862883 491784908436236862
978880380 634740311 621334836832998180
744694825 580497190 432293253320041750
367690043 262263688 96431746718058584
450364588 629532111 283518969803285268
608672095 485019190 295217646492503050
117459076 447014239 52505879471783164
265747787 76238636 20260248800898532
989481654 221636744 219305492040294576
764961171 308248524 235798151878061604
612677359 769445107 471421596052232413
859449434 79995875 68752409491084750
151730349 6158639 934452444835011
806317041 437540034 352795985533919394
267336359 463655336 123951929357161624
188470497 115441866 21757385859627402
43518212 19867237 864586631620244
602698543 640729404 386166678248058372
600364427 822904952 494042859982942504
902993092 903245381 815624339423908052
304953423 364181546 111058409046131958
240780930 274928865 66197627798544450
663712151 506528717 336189264303340267
351167501 505710164 177588974522180164
