954951723 466484239 488467484
198057477 763781737 -565724260
27579133 577291517 -549712384
904828577 617026577 287802000
75324380 725427203 -650102823
102650590 453924874 -351274284
132909978 179403283 -46493305
849713082 90048012 759665070
211380431 61237431 150143000
45500806 361228208 -315727402
539553449 608785899 -69232450
640841964 811997093 -171155129
734178307 850545287 -116366980
383239566 286296582 96942984
935057013 352083529 582973484
456005782 742525095 -286519313
818567768 654063259 164504509
358823192 846146901 -487323709
83871135 263651762 -179780627
463173472 159195515 303977957
841595331 418340428 423254903
613120389 974505310 -361384921
597743712 315349830 282393882
917069688 809124143 107945545
229103627 962570494 -733466867
22868710 768657077 -745788367
423872752 516227040 -92354288
433170529 10567418 422603111
219288686 816410096 -597121410
296864001 6862058 290001943
21009984 752869783 -731859799
749387154 839577752 -90190598
259449401 108210339 151239062
685724646 343320536 342404110
224378467 1414477 222963990
502516051 65973792 436542259
272271272 968152807 -695881535
892995468 870014984 22980484
283502630 810065149 -526562519
531655486 512606258 19049228
625152002 407040562 218111440
133779694 901541121 -767761427
923267602 566950223 356317379
912108539 142556281 769552258
235876678 61488899 174387779
149418340 256886662 -107468322
666875048 898805494 -231930446
96464407 926324449 -829860042
859532199 634705420 224826779
269644978 83910659 185734319
636119897 624677396 11442501
2400817 908391169 -905990352
592830196 895396285 -302566089
630922512 728849192 -97926680
557977793 15094357 542883436
93971809 35646155 58325654
422134919 227751503 194383416
937187276 197918880 739268396
794701727 701812174 92889553
340475162 30578398 309896764
763301074 342409868 420891206
287465061 282692481 4772580
93731721 236445834 -142714113
209016924 953263920 -744246996
871151254 331178268 539972986
37174572 359787511 -322612939
955855664 39575390 916280274
120695039 401202219 -280507180
787488041 751617552 35870489
130051405 345465828 -215414423
619228275 224023214 395205061
381111983 41363188 339748795
451774718 170815618 280959100
91798434 98992804 -7194370
872627792 432273596 440354196
129571202 488445225 -358874023
774683464 269552629 505130835
771137707 868415185 -97277478
505998464 980154631 -474156167
674195464 377149711 297045753
163849258 563886403 -400037145
736937222 119704916 617232306
455978159 857632262 -401654103
520907135 243466193 277440942
461766173 503474906 -41708733
441448387 80994441 360453946
727498121 822560370 -95062249
974874002 31789198 943084804
993375988 66672430 926703558
130782002 718520140 -587738138
351462392 112869570 238592822
206965358 978662223 -771696865
382422200 978103065 -595680865
699593767 888420664 -188826897
810774055 373789225 436984830
118086734 974623314 -856536580
937675628 855023957 82651671
946844596 246170146 700674450
565172578 320268090 244904488
489636339 879455117 -389818778
